#version 410 core




#define PI (3.14159265359)

#define sh_order 10
#define N 100

struct TensorEntry
{
    int a,b,c;
    float val;
} sparse3[40696] = TensorEntry[](
TensorEntry(0,0,0,0.2820948064),
TensorEntry(0,1,1,0.2820948064),
TensorEntry(0,2,2,0.2820948064),
TensorEntry(0,3,3,0.2820948064),
TensorEntry(0,4,4,0.2820948064),
TensorEntry(0,5,5,0.2820948064),
TensorEntry(0,6,6,0.2820948064),
TensorEntry(0,7,7,0.2820948064),
TensorEntry(0,8,8,0.2820948064),
TensorEntry(0,9,9,0.2820948064),
TensorEntry(0,10,10,0.2820948064),
TensorEntry(0,11,11,0.2820948064),
TensorEntry(0,12,12,0.2820948064),
TensorEntry(0,13,13,0.2820948064),
TensorEntry(0,14,14,0.2820948064),
TensorEntry(0,15,15,0.2820948064),
TensorEntry(0,16,16,0.2820948064),
TensorEntry(0,17,17,0.2820948064),
TensorEntry(0,18,18,0.2820948064),
TensorEntry(0,19,19,0.2820948064),
TensorEntry(0,20,20,0.2820948064),
TensorEntry(0,21,21,0.2820948064),
TensorEntry(0,22,22,0.2820948064),
TensorEntry(0,23,23,0.2820948064),
TensorEntry(0,24,24,0.2820948064),
TensorEntry(0,25,25,0.2820948064),
TensorEntry(0,26,26,0.2820948064),
TensorEntry(0,27,27,0.2820948064),
TensorEntry(0,28,28,0.2820948064),
TensorEntry(0,29,29,0.2820948064),
TensorEntry(0,30,30,0.2820948064),
TensorEntry(0,31,31,0.2820948064),
TensorEntry(0,32,32,0.2820948064),
TensorEntry(0,33,33,0.2820948064),
TensorEntry(0,34,34,0.2820948064),
TensorEntry(0,35,35,0.2820948064),
TensorEntry(0,36,36,0.2820948064),
TensorEntry(0,37,37,0.2820948064),
TensorEntry(0,38,38,0.2820948064),
TensorEntry(0,39,39,0.2820948064),
TensorEntry(0,40,40,0.2820948064),
TensorEntry(0,41,41,0.2820948064),
TensorEntry(0,42,42,0.2820948064),
TensorEntry(0,43,43,0.2820948064),
TensorEntry(0,44,44,0.2820948064),
TensorEntry(0,45,45,0.2820948064),
TensorEntry(0,46,46,0.2820948064),
TensorEntry(0,47,47,0.2820948064),
TensorEntry(0,48,48,0.2820948064),
TensorEntry(0,49,49,0.2820948064),
TensorEntry(0,50,50,0.2820948064),
TensorEntry(0,51,51,0.2820948064),
TensorEntry(0,52,52,0.2820948064),
TensorEntry(0,53,53,0.2820948064),
TensorEntry(0,54,54,0.2820948064),
TensorEntry(0,55,55,0.2820948064),
TensorEntry(0,56,56,0.2820948064),
TensorEntry(0,57,57,0.2820948064),
TensorEntry(0,58,58,0.2820948064),
TensorEntry(0,59,59,0.2820948064),
TensorEntry(0,60,60,0.2820948064),
TensorEntry(0,61,61,0.2820948064),
TensorEntry(0,62,62,0.2820948064),
TensorEntry(0,63,63,0.2820948064),
TensorEntry(0,64,64,0.2820948064),
TensorEntry(0,65,65,0.2820948064),
TensorEntry(0,66,66,0.2820948064),
TensorEntry(0,67,67,0.2820948064),
TensorEntry(0,68,68,0.2820948064),
TensorEntry(0,69,69,0.2820948064),
TensorEntry(0,70,70,0.2820948064),
TensorEntry(0,71,71,0.2820948064),
TensorEntry(0,72,72,0.2820948064),
TensorEntry(0,73,73,0.2820948064),
TensorEntry(0,74,74,0.2820948064),
TensorEntry(0,75,75,0.2820948064),
TensorEntry(0,76,76,0.2820948064),
TensorEntry(0,77,77,0.2820948064),
TensorEntry(0,78,78,0.2820948064),
TensorEntry(0,79,79,0.2820948064),
TensorEntry(0,80,80,0.2820948064),
TensorEntry(0,81,81,0.2820948064),
TensorEntry(0,82,82,0.2820948064),
TensorEntry(0,83,83,0.2820948064),
TensorEntry(0,84,84,0.2820948064),
TensorEntry(0,85,85,0.2820948064),
TensorEntry(0,86,86,0.2820948064),
TensorEntry(0,87,87,0.2820948064),
TensorEntry(0,88,88,0.2820948064),
TensorEntry(0,89,89,0.2820948064),
TensorEntry(0,90,90,0.2820948064),
TensorEntry(0,91,91,0.2820948064),
TensorEntry(0,92,92,0.2820948064),
TensorEntry(0,93,93,0.2820948064),
TensorEntry(0,94,94,0.2820948064),
TensorEntry(0,95,95,0.2820948064),
TensorEntry(0,96,96,0.2820948064),
TensorEntry(0,97,97,0.2820948064),
TensorEntry(0,98,98,0.2820948064),
TensorEntry(0,99,99,0.2820948064),
TensorEntry(1,0,1,0.2820948064),
TensorEntry(1,1,0,0.2820948064),
TensorEntry(1,1,6,-0.1261566281),
TensorEntry(1,1,8,-0.218509689),
TensorEntry(1,2,5,0.218509689),
TensorEntry(1,3,4,0.218509689),
TensorEntry(1,4,3,0.218509689),
TensorEntry(1,4,13,-0.05839917064),
TensorEntry(1,4,15,-0.2261790186),
TensorEntry(1,5,2,0.218509689),
TensorEntry(1,5,12,-0.1430481672),
TensorEntry(1,5,14,-0.1846743971),
TensorEntry(1,6,1,-0.1261566281),
TensorEntry(1,6,11,0.2023006529),
TensorEntry(1,7,10,0.1846743971),
TensorEntry(1,8,1,-0.218509689),
TensorEntry(1,8,9,0.2261790186),
TensorEntry(1,8,11,0.05839917064),
TensorEntry(1,9,8,0.2261790186),
TensorEntry(1,9,22,-0.04352817312),
TensorEntry(1,9,24,-0.230329439),
TensorEntry(1,10,7,0.1846743971),
TensorEntry(1,10,21,-0.07539300621),
TensorEntry(1,10,23,-0.1994711459),
TensorEntry(1,11,6,0.2023006529),
TensorEntry(1,11,8,0.05839917064),
TensorEntry(1,11,20,-0.1507860124),
TensorEntry(1,11,22,-0.1685838848),
TensorEntry(1,12,5,-0.1430481672),
TensorEntry(1,12,19,0.1946638972),
TensorEntry(1,13,4,-0.05839917064),
TensorEntry(1,13,18,0.1685838848),
TensorEntry(1,14,5,-0.1846743971),
TensorEntry(1,14,17,0.1994711459),
TensorEntry(1,14,19,0.07539300621),
TensorEntry(1,15,4,-0.2261790186),
TensorEntry(1,15,16,0.230329439),
TensorEntry(1,15,18,0.04352817312),
TensorEntry(1,16,15,0.230329439),
TensorEntry(1,16,33,-0.03472346812),
TensorEntry(1,16,35,-0.2329321057),
TensorEntry(1,17,14,0.1994711459),
TensorEntry(1,17,32,-0.06014281139),
TensorEntry(1,17,34,-0.2083408087),
TensorEntry(1,18,13,0.1685838848),
TensorEntry(1,18,15,0.04352817312),
TensorEntry(1,18,31,-0.08505477756),
TensorEntry(1,18,33,-0.1837393194),
TensorEntry(1,19,12,0.1946638972),
TensorEntry(1,19,14,0.07539300621),
TensorEntry(1,19,30,-0.1552880704),
TensorEntry(1,19,32,-0.159122929),
TensorEntry(1,20,11,-0.1507860124),
TensorEntry(1,20,29,0.1901882738),
TensorEntry(1,21,10,-0.07539300621),
TensorEntry(1,21,28,0.159122929),
TensorEntry(1,22,9,-0.04352817312),
TensorEntry(1,22,11,-0.1685838848),
TensorEntry(1,22,27,0.1837393194),
TensorEntry(1,22,29,0.08505477756),
TensorEntry(1,23,10,-0.1994711459),
TensorEntry(1,23,26,0.2083408087),
TensorEntry(1,23,28,0.06014281139),
TensorEntry(1,24,9,-0.230329439),
TensorEntry(1,24,25,0.2329321057),
TensorEntry(1,24,27,0.03472346812),
TensorEntry(1,25,24,0.2329321057),
TensorEntry(1,25,46,-0.02889167145),
TensorEntry(1,25,48,-0.2347170562),
TensorEntry(1,26,23,0.2083408087),
TensorEntry(1,26,45,-0.05004184321),
TensorEntry(1,26,47,-0.2142663747),
TensorEntry(1,27,22,0.1837393194),
TensorEntry(1,27,24,0.03472346812),
TensorEntry(1,27,44,-0.07076985389),
TensorEntry(1,27,46,-0.1938112229),
TensorEntry(1,28,21,0.159122929),
TensorEntry(1,28,23,0.06014281139),
TensorEntry(1,28,43,-0.09136348963),
TensorEntry(1,28,45,-0.1733500361),
TensorEntry(1,29,20,0.1901882738),
TensorEntry(1,29,22,0.08505477756),
TensorEntry(1,29,42,-0.1582462043),
TensorEntry(1,29,44,-0.1528803557),
TensorEntry(1,30,19,-0.1552880704),
TensorEntry(1,30,41,0.1872394383),
TensorEntry(1,31,18,-0.08505477756),
TensorEntry(1,31,40,0.1528803557),
TensorEntry(1,32,17,-0.06014281139),
TensorEntry(1,32,19,-0.159122929),
TensorEntry(1,32,39,0.1733500361),
TensorEntry(1,32,41,0.09136348963),
TensorEntry(1,33,16,-0.03472346812),
TensorEntry(1,33,18,-0.1837393194),
TensorEntry(1,33,38,0.1938112229),
TensorEntry(1,33,40,0.07076985389),
TensorEntry(1,34,17,-0.2083408087),
TensorEntry(1,34,37,0.2142663747),
TensorEntry(1,34,39,0.05004184321),
TensorEntry(1,35,16,-0.2329321057),
TensorEntry(1,35,36,0.2347170562),
TensorEntry(1,35,38,0.02889167145),
TensorEntry(1,36,35,0.2347170562),
TensorEntry(1,36,61,-0.02474134974),
TensorEntry(1,36,63,-0.2360174358),
TensorEntry(1,37,34,0.2142663747),
TensorEntry(1,37,60,-0.04285327345),
TensorEntry(1,37,62,-0.218509689),
TensorEntry(1,38,33,0.1938112229),
TensorEntry(1,38,35,0.02889167145),
TensorEntry(1,38,59,-0.06060368195),
TensorEntry(1,38,61,-0.2009996772),
TensorEntry(1,39,32,0.1733500361),
TensorEntry(1,39,34,0.05004184321),
TensorEntry(1,39,58,-0.07823901623),
TensorEntry(1,39,60,-0.1834867597),
TensorEntry(1,40,31,0.1528803557),
TensorEntry(1,40,33,0.07076985389),
TensorEntry(1,40,57,-0.09582283348),
TensorEntry(1,40,59,-0.1659700274),
TensorEntry(1,41,30,0.1872394383),
TensorEntry(1,41,32,0.09136348963),
TensorEntry(1,41,56,-0.1603422761),
TensorEntry(1,41,58,-0.1484480947),
TensorEntry(1,42,29,-0.1582462043),
TensorEntry(1,42,55,0.1851473153),
TensorEntry(1,43,28,-0.09136348963),
TensorEntry(1,43,54,0.1484480947),
TensorEntry(1,44,27,-0.07076985389),
TensorEntry(1,44,29,-0.1528803557),
TensorEntry(1,44,53,0.1659700274),
TensorEntry(1,44,55,0.09582283348),
TensorEntry(1,45,26,-0.05004184321),
TensorEntry(1,45,28,-0.1733500361),
TensorEntry(1,45,52,0.1834867597),
TensorEntry(1,45,54,0.07823901623),
TensorEntry(1,46,25,-0.02889167145),
TensorEntry(1,46,27,-0.1938112229),
TensorEntry(1,46,51,0.2009996772),
TensorEntry(1,46,53,0.06060368195),
TensorEntry(1,47,26,-0.2142663747),
TensorEntry(1,47,50,0.218509689),
TensorEntry(1,47,52,0.04285327345),
TensorEntry(1,48,25,-0.2347170562),
TensorEntry(1,48,49,0.2360174358),
TensorEntry(1,48,51,0.02474134974),
TensorEntry(1,49,48,0.2360174358),
TensorEntry(1,49,78,-0.02163568325),
TensorEntry(1,49,80,-0.2370070368),
TensorEntry(1,50,47,0.218509689),
TensorEntry(1,50,77,-0.03747410327),
TensorEntry(1,50,79,-0.2216997743),
TensorEntry(1,51,46,0.2009996772),
TensorEntry(1,51,48,0.02474134974),
TensorEntry(1,51,76,-0.05299638212),
TensorEntry(1,51,78,-0.20639126),
TensorEntry(1,52,45,0.1834867597),
TensorEntry(1,52,47,0.04285327345),
TensorEntry(1,52,75,-0.06841803342),
TensorEntry(1,52,77,-0.1910811812),
TensorEntry(1,53,44,0.1659700274),
TensorEntry(1,53,46,0.06060368195),
TensorEntry(1,53,74,-0.08379463851),
TensorEntry(1,53,76,-0.1757691205),
TensorEntry(1,54,43,0.1484480947),
TensorEntry(1,54,45,0.07823901623),
TensorEntry(1,54,73,-0.09914715588),
TensorEntry(1,54,75,-0.1604545116),
TensorEntry(1,55,42,0.1851473153),
TensorEntry(1,55,44,0.09582283348),
TensorEntry(1,55,72,-0.1619066298),
TensorEntry(1,55,74,-0.1451365799),
TensorEntry(1,56,41,-0.1603422761),
TensorEntry(1,56,71,0.183584854),
TensorEntry(1,57,40,-0.09582283348),
TensorEntry(1,57,70,0.1451365799),
TensorEntry(1,58,39,-0.07823901623),
TensorEntry(1,58,41,-0.1484480947),
TensorEntry(1,58,69,0.1604545116),
TensorEntry(1,58,71,0.09914715588),
TensorEntry(1,59,38,-0.06060368195),
TensorEntry(1,59,40,-0.1659700274),
TensorEntry(1,59,68,0.1757691205),
TensorEntry(1,59,70,0.08379463851),
TensorEntry(1,60,37,-0.04285327345),
TensorEntry(1,60,39,-0.1834867597),
TensorEntry(1,60,67,0.1910811812),
TensorEntry(1,60,69,0.06841803342),
TensorEntry(1,61,36,-0.02474134974),
TensorEntry(1,61,38,-0.2009996772),
TensorEntry(1,61,66,0.20639126),
TensorEntry(1,61,68,0.05299638212),
TensorEntry(1,62,37,-0.218509689),
TensorEntry(1,62,65,0.2216997743),
TensorEntry(1,62,67,0.03747410327),
TensorEntry(1,63,36,-0.2360174358),
TensorEntry(1,63,64,0.2370070368),
TensorEntry(1,63,66,0.02163568325),
TensorEntry(1,64,63,0.2370070368),
TensorEntry(1,64,97,-0.01922380924),
TensorEntry(1,64,99,-0.2377853841),
TensorEntry(1,65,62,0.2216997743),
TensorEntry(1,65,96,-0.03329661489),
TensorEntry(1,65,98,-0.2241862118),
TensorEntry(1,66,61,0.20639126),
TensorEntry(1,66,63,0.02163568325),
TensorEntry(1,66,95,-0.04708852246),
TensorEntry(1,66,97,-0.2105862796),
TensorEntry(1,67,60,0.1910811812),
TensorEntry(1,67,62,0.03747410327),
TensorEntry(1,67,94,-0.06079101935),
TensorEntry(1,67,96,-0.1969854236),
TensorEntry(1,68,59,0.1757691205),
TensorEntry(1,68,61,0.05299638212),
TensorEntry(1,68,93,-0.07445348799),
TensorEntry(1,68,95,-0.1833834499),
TensorEntry(1,69,58,0.1604545116),
TensorEntry(1,69,60,0.06841803342),
TensorEntry(1,69,92,-0.08809456229),
TensorEntry(1,69,94,-0.1697800756),
TensorEntry(1,70,57,0.1451365799),
TensorEntry(1,70,59,0.08379463851),
TensorEntry(1,70,91,-0.1017228365),
TensorEntry(1,70,93,-0.1561749578),
TensorEntry(1,71,56,0.183584854),
TensorEntry(1,71,58,0.09914715588),
TensorEntry(1,71,90,-0.1631194204),
TensorEntry(1,71,92,-0.142567575),
TensorEntry(1,72,55,-0.1619066298),
TensorEntry(1,72,89,0.1823730618),
TensorEntry(1,73,54,-0.09914715588),
TensorEntry(1,73,88,0.142567575),
TensorEntry(1,74,53,-0.08379463851),
TensorEntry(1,74,55,-0.1451365799),
TensorEntry(1,74,87,0.1561749578),
TensorEntry(1,74,89,0.1017228365),
TensorEntry(1,75,52,-0.06841803342),
TensorEntry(1,75,54,-0.1604545116),
TensorEntry(1,75,86,0.1697800756),
TensorEntry(1,75,88,0.08809456229),
TensorEntry(1,76,51,-0.05299638212),
TensorEntry(1,76,53,-0.1757691205),
TensorEntry(1,76,85,0.1833834499),
TensorEntry(1,76,87,0.07445348799),
TensorEntry(1,77,50,-0.03747410327),
TensorEntry(1,77,52,-0.1910811812),
TensorEntry(1,77,84,0.1969854236),
TensorEntry(1,77,86,0.06079101935),
TensorEntry(1,78,49,-0.02163568325),
TensorEntry(1,78,51,-0.20639126),
TensorEntry(1,78,83,0.2105862796),
TensorEntry(1,78,85,0.04708852246),
TensorEntry(1,79,50,-0.2216997743),
TensorEntry(1,79,82,0.2241862118),
TensorEntry(1,79,84,0.03329661489),
TensorEntry(1,80,49,-0.2370070368),
TensorEntry(1,80,81,0.2377853841),
TensorEntry(1,80,83,0.01922380924),
TensorEntry(1,81,80,0.2377853841),
TensorEntry(1,82,79,0.2241862118),
TensorEntry(1,83,78,0.2105862796),
TensorEntry(1,83,80,0.01922380924),
TensorEntry(1,84,77,0.1969854236),
TensorEntry(1,84,79,0.03329661489),
TensorEntry(1,85,76,0.1833834499),
TensorEntry(1,85,78,0.04708852246),
TensorEntry(1,86,75,0.1697800756),
TensorEntry(1,86,77,0.06079101935),
TensorEntry(1,87,74,0.1561749578),
TensorEntry(1,87,76,0.07445348799),
TensorEntry(1,88,73,0.142567575),
TensorEntry(1,88,75,0.08809456229),
TensorEntry(1,89,72,0.1823730618),
TensorEntry(1,89,74,0.1017228365),
TensorEntry(1,90,71,-0.1631194204),
TensorEntry(1,91,70,-0.1017228365),
TensorEntry(1,92,69,-0.08809456229),
TensorEntry(1,92,71,-0.142567575),
TensorEntry(1,93,68,-0.07445348799),
TensorEntry(1,93,70,-0.1561749578),
TensorEntry(1,94,67,-0.06079101935),
TensorEntry(1,94,69,-0.1697800756),
TensorEntry(1,95,66,-0.04708852246),
TensorEntry(1,95,68,-0.1833834499),
TensorEntry(1,96,65,-0.03329661489),
TensorEntry(1,96,67,-0.1969854236),
TensorEntry(1,97,64,-0.01922380924),
TensorEntry(1,97,66,-0.2105862796),
TensorEntry(1,98,65,-0.2241862118),
TensorEntry(1,99,64,-0.2377853841),
TensorEntry(2,0,2,0.2820948064),
TensorEntry(2,1,5,0.218509689),
TensorEntry(2,2,0,0.2820948064),
TensorEntry(2,2,6,0.2523132563),
TensorEntry(2,3,7,0.218509689),
TensorEntry(2,4,10,0.1846743971),
TensorEntry(2,5,1,0.218509689),
TensorEntry(2,5,11,0.2335966825),
TensorEntry(2,6,2,0.2523132563),
TensorEntry(2,6,12,0.2477666885),
TensorEntry(2,7,3,0.218509689),
TensorEntry(2,7,13,0.2335966825),
TensorEntry(2,8,14,0.1846743971),
TensorEntry(2,9,17,0.1628675014),
TensorEntry(2,10,4,0.1846743971),
TensorEntry(2,10,18,0.2132436186),
TensorEntry(2,11,5,0.2335966825),
TensorEntry(2,11,19,0.238413617),
TensorEntry(2,12,6,0.2477666885),
TensorEntry(2,12,20,0.2462325245),
TensorEntry(2,13,7,0.2335966825),
TensorEntry(2,13,21,0.238413617),
TensorEntry(2,14,8,0.1846743971),
TensorEntry(2,14,22,0.2132436186),
TensorEntry(2,15,23,0.1628675014),
TensorEntry(2,16,26,0.1473191977),
TensorEntry(2,17,9,0.1628675014),
TensorEntry(2,17,27,0.1964256018),
TensorEntry(2,18,10,0.2132436186),
TensorEntry(2,18,28,0.2250337899),
TensorEntry(2,19,11,0.238413617),
TensorEntry(2,19,29,0.2405712456),
TensorEntry(2,20,12,0.2462325245),
TensorEntry(2,20,30,0.245532006),
TensorEntry(2,21,13,0.238413617),
TensorEntry(2,21,31,0.2405712456),
TensorEntry(2,22,14,0.2132436186),
TensorEntry(2,22,32,0.2250337899),
TensorEntry(2,23,15,0.1628675014),
TensorEntry(2,23,33,0.1964256018),
TensorEntry(2,24,34,0.1473191977),
TensorEntry(2,25,37,0.1355139613),
TensorEntry(2,26,16,0.1473191977),
TensorEntry(2,26,38,0.1827269793),
TensorEntry(2,27,17,0.1964256018),
TensorEntry(2,27,39,0.2123095691),
TensorEntry(2,28,18,0.2250337899),
TensorEntry(2,28,40,0.2311333716),
TensorEntry(2,29,19,0.2405712456),
TensorEntry(2,29,41,0.2417250723),
TensorEntry(2,30,20,0.245532006),
TensorEntry(2,30,42,0.2451539636),
TensorEntry(2,31,21,0.2405712456),
TensorEntry(2,31,43,0.2417250723),
TensorEntry(2,32,22,0.2250337899),
TensorEntry(2,32,44,0.2311333716),
TensorEntry(2,33,23,0.1964256018),
TensorEntry(2,33,45,0.2123095691),
TensorEntry(2,34,24,0.1473191977),
TensorEntry(2,34,46,0.1827269793),
TensorEntry(2,35,47,0.1355139613),
TensorEntry(2,36,50,0.1261566281),
TensorEntry(2,37,25,0.1355139613),
TensorEntry(2,37,51,0.1714130938),
TensorEntry(2,38,26,0.1827269793),
TensorEntry(2,38,52,0.2009996772),
TensorEntry(2,39,27,0.2123095691),
TensorEntry(2,39,53,0.22129336),
TensorEntry(2,40,28,0.2311333716),
TensorEntry(2,40,54,0.2347170562),
TensorEntry(2,41,29,0.2417250723),
TensorEntry(2,41,55,0.2424147278),
TensorEntry(2,42,30,0.2451539636),
TensorEntry(2,42,56,0.2449268699),
TensorEntry(2,43,31,0.2417250723),
TensorEntry(2,43,57,0.2424147278),
TensorEntry(2,44,32,0.2311333716),
TensorEntry(2,44,58,0.2347170562),
TensorEntry(2,45,33,0.2123095691),
TensorEntry(2,45,59,0.22129336),
TensorEntry(2,46,34,0.1827269793),
TensorEntry(2,46,60,0.2009996772),
TensorEntry(2,47,35,0.1355139613),
TensorEntry(2,47,61,0.1714130938),
TensorEntry(2,48,62,0.1261566281),
TensorEntry(2,49,65,0.1185035184),
TensorEntry(2,50,36,0.1261566281),
TensorEntry(2,50,66,0.1619066298),
TensorEntry(2,51,37,0.1714130938),
TensorEntry(2,51,67,0.1910811812),
TensorEntry(2,52,38,0.2009996772),
TensorEntry(2,52,68,0.2119855285),
TensorEntry(2,53,39,0.22129336),
TensorEntry(2,53,69,0.2269169539),
TensorEntry(2,54,40,0.2347170562),
TensorEntry(2,54,70,0.2370070368),
TensorEntry(2,55,41,0.2424147278),
TensorEntry(2,55,71,0.2428599447),
TensorEntry(2,56,42,0.2449268699),
TensorEntry(2,56,72,0.2447798103),
TensorEntry(2,57,43,0.2424147278),
TensorEntry(2,57,73,0.2428599447),
TensorEntry(2,58,44,0.2347170562),
TensorEntry(2,58,74,0.2370070368),
TensorEntry(2,59,45,0.22129336),
TensorEntry(2,59,75,0.2269169539),
TensorEntry(2,60,46,0.2009996772),
TensorEntry(2,60,76,0.2119855285),
TensorEntry(2,61,47,0.1714130938),
TensorEntry(2,61,77,0.1910811812),
TensorEntry(2,62,48,0.1261566281),
TensorEntry(2,62,78,0.1619066298),
TensorEntry(2,63,79,0.1185035184),
TensorEntry(2,64,82,0.1120931059),
TensorEntry(2,65,49,0.1185035184),
TensorEntry(2,65,83,0.1537904739),
TensorEntry(2,66,50,0.1619066298),
TensorEntry(2,66,84,0.1823730618),
TensorEntry(2,67,51,0.1910811812),
TensorEntry(2,67,85,0.203445673),
TensorEntry(2,68,52,0.2119855285),
TensorEntry(2,68,86,0.2191851437),
TensorEntry(2,69,53,0.2269169539),
TensorEntry(2,69,87,0.2306857109),
TensorEntry(2,70,54,0.2370070368),
TensorEntry(2,70,88,0.2385611981),
TensorEntry(2,71,55,0.2428599447),
TensorEntry(2,71,89,0.2431640774),
TensorEntry(2,72,56,0.2447798103),
TensorEntry(2,72,90,0.2446791381),
TensorEntry(2,73,57,0.2428599447),
TensorEntry(2,73,91,0.2431640774),
TensorEntry(2,74,58,0.2370070368),
TensorEntry(2,74,92,0.2385611981),
TensorEntry(2,75,59,0.2269169539),
TensorEntry(2,75,93,0.2306857109),
TensorEntry(2,76,60,0.2119855285),
TensorEntry(2,76,94,0.2191851437),
TensorEntry(2,77,61,0.1910811812),
TensorEntry(2,77,95,0.203445673),
TensorEntry(2,78,62,0.1619066298),
TensorEntry(2,78,96,0.1823730618),
TensorEntry(2,79,63,0.1185035184),
TensorEntry(2,79,97,0.1537904739),
TensorEntry(2,80,98,0.1120931059),
TensorEntry(2,82,64,0.1120931059),
TensorEntry(2,83,65,0.1537904739),
TensorEntry(2,84,66,0.1823730618),
TensorEntry(2,85,67,0.203445673),
TensorEntry(2,86,68,0.2191851437),
TensorEntry(2,87,69,0.2306857109),
TensorEntry(2,88,70,0.2385611981),
TensorEntry(2,89,71,0.2431640774),
TensorEntry(2,90,72,0.2446791381),
TensorEntry(2,91,73,0.2431640774),
TensorEntry(2,92,74,0.2385611981),
TensorEntry(2,93,75,0.2306857109),
TensorEntry(2,94,76,0.2191851437),
TensorEntry(2,95,77,0.203445673),
TensorEntry(2,96,78,0.1823730618),
TensorEntry(2,97,79,0.1537904739),
TensorEntry(2,98,80,0.1120931059),
TensorEntry(3,0,3,0.2820948064),
TensorEntry(3,1,4,0.218509689),
TensorEntry(3,2,7,0.218509689),
TensorEntry(3,3,0,0.2820948064),
TensorEntry(3,3,6,-0.1261566281),
TensorEntry(3,3,8,0.218509689),
TensorEntry(3,4,1,0.218509689),
TensorEntry(3,4,9,0.2261790186),
TensorEntry(3,4,11,-0.05839917064),
TensorEntry(3,5,10,0.1846743971),
TensorEntry(3,6,3,-0.1261566281),
TensorEntry(3,6,13,0.2023006529),
TensorEntry(3,7,2,0.218509689),
TensorEntry(3,7,12,-0.1430481672),
TensorEntry(3,7,14,0.1846743971),
TensorEntry(3,8,3,0.218509689),
TensorEntry(3,8,13,-0.05839917064),
TensorEntry(3,8,15,0.2261790186),
TensorEntry(3,9,4,0.2261790186),
TensorEntry(3,9,16,0.230329439),
TensorEntry(3,9,18,-0.04352817312),
TensorEntry(3,10,5,0.1846743971),
TensorEntry(3,10,17,0.1994711459),
TensorEntry(3,10,19,-0.07539300621),
TensorEntry(3,11,4,-0.05839917064),
TensorEntry(3,11,18,0.1685838848),
TensorEntry(3,12,7,-0.1430481672),
TensorEntry(3,12,21,0.1946638972),
TensorEntry(3,13,6,0.2023006529),
TensorEntry(3,13,8,-0.05839917064),
TensorEntry(3,13,20,-0.1507860124),
TensorEntry(3,13,22,0.1685838848),
TensorEntry(3,14,7,0.1846743971),
TensorEntry(3,14,21,-0.07539300621),
TensorEntry(3,14,23,0.1994711459),
TensorEntry(3,15,8,0.2261790186),
TensorEntry(3,15,22,-0.04352817312),
TensorEntry(3,15,24,0.230329439),
TensorEntry(3,16,9,0.230329439),
TensorEntry(3,16,25,0.2329321057),
TensorEntry(3,16,27,-0.03472346812),
TensorEntry(3,17,10,0.1994711459),
TensorEntry(3,17,26,0.2083408087),
TensorEntry(3,17,28,-0.06014281139),
TensorEntry(3,18,9,-0.04352817312),
TensorEntry(3,18,11,0.1685838848),
TensorEntry(3,18,27,0.1837393194),
TensorEntry(3,18,29,-0.08505477756),
TensorEntry(3,19,10,-0.07539300621),
TensorEntry(3,19,28,0.159122929),
TensorEntry(3,20,13,-0.1507860124),
TensorEntry(3,20,31,0.1901882738),
TensorEntry(3,21,12,0.1946638972),
TensorEntry(3,21,14,-0.07539300621),
TensorEntry(3,21,30,-0.1552880704),
TensorEntry(3,21,32,0.159122929),
TensorEntry(3,22,13,0.1685838848),
TensorEntry(3,22,15,-0.04352817312),
TensorEntry(3,22,31,-0.08505477756),
TensorEntry(3,22,33,0.1837393194),
TensorEntry(3,23,14,0.1994711459),
TensorEntry(3,23,32,-0.06014281139),
TensorEntry(3,23,34,0.2083408087),
TensorEntry(3,24,15,0.230329439),
TensorEntry(3,24,33,-0.03472346812),
TensorEntry(3,24,35,0.2329321057),
TensorEntry(3,25,16,0.2329321057),
TensorEntry(3,25,36,0.2347170562),
TensorEntry(3,25,38,-0.02889167145),
TensorEntry(3,26,17,0.2083408087),
TensorEntry(3,26,37,0.2142663747),
TensorEntry(3,26,39,-0.05004184321),
TensorEntry(3,27,16,-0.03472346812),
TensorEntry(3,27,18,0.1837393194),
TensorEntry(3,27,38,0.1938112229),
TensorEntry(3,27,40,-0.07076985389),
TensorEntry(3,28,17,-0.06014281139),
TensorEntry(3,28,19,0.159122929),
TensorEntry(3,28,39,0.1733500361),
TensorEntry(3,28,41,-0.09136348963),
TensorEntry(3,29,18,-0.08505477756),
TensorEntry(3,29,40,0.1528803557),
TensorEntry(3,30,21,-0.1552880704),
TensorEntry(3,30,43,0.1872394383),
TensorEntry(3,31,20,0.1901882738),
TensorEntry(3,31,22,-0.08505477756),
TensorEntry(3,31,42,-0.1582462043),
TensorEntry(3,31,44,0.1528803557),
TensorEntry(3,32,21,0.159122929),
TensorEntry(3,32,23,-0.06014281139),
TensorEntry(3,32,43,-0.09136348963),
TensorEntry(3,32,45,0.1733500361),
TensorEntry(3,33,22,0.1837393194),
TensorEntry(3,33,24,-0.03472346812),
TensorEntry(3,33,44,-0.07076985389),
TensorEntry(3,33,46,0.1938112229),
TensorEntry(3,34,23,0.2083408087),
TensorEntry(3,34,45,-0.05004184321),
TensorEntry(3,34,47,0.2142663747),
TensorEntry(3,35,24,0.2329321057),
TensorEntry(3,35,46,-0.02889167145),
TensorEntry(3,35,48,0.2347170562),
TensorEntry(3,36,25,0.2347170562),
TensorEntry(3,36,49,0.2360174358),
TensorEntry(3,36,51,-0.02474134974),
TensorEntry(3,37,26,0.2142663747),
TensorEntry(3,37,50,0.218509689),
TensorEntry(3,37,52,-0.04285327345),
TensorEntry(3,38,25,-0.02889167145),
TensorEntry(3,38,27,0.1938112229),
TensorEntry(3,38,51,0.2009996772),
TensorEntry(3,38,53,-0.06060368195),
TensorEntry(3,39,26,-0.05004184321),
TensorEntry(3,39,28,0.1733500361),
TensorEntry(3,39,52,0.1834867597),
TensorEntry(3,39,54,-0.07823901623),
TensorEntry(3,40,27,-0.07076985389),
TensorEntry(3,40,29,0.1528803557),
TensorEntry(3,40,53,0.1659700274),
TensorEntry(3,40,55,-0.09582283348),
TensorEntry(3,41,28,-0.09136348963),
TensorEntry(3,41,54,0.1484480947),
TensorEntry(3,42,31,-0.1582462043),
TensorEntry(3,42,57,0.1851473153),
TensorEntry(3,43,30,0.1872394383),
TensorEntry(3,43,32,-0.09136348963),
TensorEntry(3,43,56,-0.1603422761),
TensorEntry(3,43,58,0.1484480947),
TensorEntry(3,44,31,0.1528803557),
TensorEntry(3,44,33,-0.07076985389),
TensorEntry(3,44,57,-0.09582283348),
TensorEntry(3,44,59,0.1659700274),
TensorEntry(3,45,32,0.1733500361),
TensorEntry(3,45,34,-0.05004184321),
TensorEntry(3,45,58,-0.07823901623),
TensorEntry(3,45,60,0.1834867597),
TensorEntry(3,46,33,0.1938112229),
TensorEntry(3,46,35,-0.02889167145),
TensorEntry(3,46,59,-0.06060368195),
TensorEntry(3,46,61,0.2009996772),
TensorEntry(3,47,34,0.2142663747),
TensorEntry(3,47,60,-0.04285327345),
TensorEntry(3,47,62,0.218509689),
TensorEntry(3,48,35,0.2347170562),
TensorEntry(3,48,61,-0.02474134974),
TensorEntry(3,48,63,0.2360174358),
TensorEntry(3,49,36,0.2360174358),
TensorEntry(3,49,64,0.2370070368),
TensorEntry(3,49,66,-0.02163568325),
TensorEntry(3,50,37,0.218509689),
TensorEntry(3,50,65,0.2216997743),
TensorEntry(3,50,67,-0.03747410327),
TensorEntry(3,51,36,-0.02474134974),
TensorEntry(3,51,38,0.2009996772),
TensorEntry(3,51,66,0.20639126),
TensorEntry(3,51,68,-0.05299638212),
TensorEntry(3,52,37,-0.04285327345),
TensorEntry(3,52,39,0.1834867597),
TensorEntry(3,52,67,0.1910811812),
TensorEntry(3,52,69,-0.06841803342),
TensorEntry(3,53,38,-0.06060368195),
TensorEntry(3,53,40,0.1659700274),
TensorEntry(3,53,68,0.1757691205),
TensorEntry(3,53,70,-0.08379463851),
TensorEntry(3,54,39,-0.07823901623),
TensorEntry(3,54,41,0.1484480947),
TensorEntry(3,54,69,0.1604545116),
TensorEntry(3,54,71,-0.09914715588),
TensorEntry(3,55,40,-0.09582283348),
TensorEntry(3,55,70,0.1451365799),
TensorEntry(3,56,43,-0.1603422761),
TensorEntry(3,56,73,0.183584854),
TensorEntry(3,57,42,0.1851473153),
TensorEntry(3,57,44,-0.09582283348),
TensorEntry(3,57,72,-0.1619066298),
TensorEntry(3,57,74,0.1451365799),
TensorEntry(3,58,43,0.1484480947),
TensorEntry(3,58,45,-0.07823901623),
TensorEntry(3,58,73,-0.09914715588),
TensorEntry(3,58,75,0.1604545116),
TensorEntry(3,59,44,0.1659700274),
TensorEntry(3,59,46,-0.06060368195),
TensorEntry(3,59,74,-0.08379463851),
TensorEntry(3,59,76,0.1757691205),
TensorEntry(3,60,45,0.1834867597),
TensorEntry(3,60,47,-0.04285327345),
TensorEntry(3,60,75,-0.06841803342),
TensorEntry(3,60,77,0.1910811812),
TensorEntry(3,61,46,0.2009996772),
TensorEntry(3,61,48,-0.02474134974),
TensorEntry(3,61,76,-0.05299638212),
TensorEntry(3,61,78,0.20639126),
TensorEntry(3,62,47,0.218509689),
TensorEntry(3,62,77,-0.03747410327),
TensorEntry(3,62,79,0.2216997743),
TensorEntry(3,63,48,0.2360174358),
TensorEntry(3,63,78,-0.02163568325),
TensorEntry(3,63,80,0.2370070368),
TensorEntry(3,64,49,0.2370070368),
TensorEntry(3,64,81,0.2377853841),
TensorEntry(3,64,83,-0.01922380924),
TensorEntry(3,65,50,0.2216997743),
TensorEntry(3,65,82,0.2241862118),
TensorEntry(3,65,84,-0.03329661489),
TensorEntry(3,66,49,-0.02163568325),
TensorEntry(3,66,51,0.20639126),
TensorEntry(3,66,83,0.2105862796),
TensorEntry(3,66,85,-0.04708852246),
TensorEntry(3,67,50,-0.03747410327),
TensorEntry(3,67,52,0.1910811812),
TensorEntry(3,67,84,0.1969854236),
TensorEntry(3,67,86,-0.06079101935),
TensorEntry(3,68,51,-0.05299638212),
TensorEntry(3,68,53,0.1757691205),
TensorEntry(3,68,85,0.1833834499),
TensorEntry(3,68,87,-0.07445348799),
TensorEntry(3,69,52,-0.06841803342),
TensorEntry(3,69,54,0.1604545116),
TensorEntry(3,69,86,0.1697800756),
TensorEntry(3,69,88,-0.08809456229),
TensorEntry(3,70,53,-0.08379463851),
TensorEntry(3,70,55,0.1451365799),
TensorEntry(3,70,87,0.1561749578),
TensorEntry(3,70,89,-0.1017228365),
TensorEntry(3,71,54,-0.09914715588),
TensorEntry(3,71,88,0.142567575),
TensorEntry(3,72,57,-0.1619066298),
TensorEntry(3,72,91,0.1823730618),
TensorEntry(3,73,56,0.183584854),
TensorEntry(3,73,58,-0.09914715588),
TensorEntry(3,73,90,-0.1631194204),
TensorEntry(3,73,92,0.142567575),
TensorEntry(3,74,57,0.1451365799),
TensorEntry(3,74,59,-0.08379463851),
TensorEntry(3,74,91,-0.1017228365),
TensorEntry(3,74,93,0.1561749578),
TensorEntry(3,75,58,0.1604545116),
TensorEntry(3,75,60,-0.06841803342),
TensorEntry(3,75,92,-0.08809456229),
TensorEntry(3,75,94,0.1697800756),
TensorEntry(3,76,59,0.1757691205),
TensorEntry(3,76,61,-0.05299638212),
TensorEntry(3,76,93,-0.07445348799),
TensorEntry(3,76,95,0.1833834499),
TensorEntry(3,77,60,0.1910811812),
TensorEntry(3,77,62,-0.03747410327),
TensorEntry(3,77,94,-0.06079101935),
TensorEntry(3,77,96,0.1969854236),
TensorEntry(3,78,61,0.20639126),
TensorEntry(3,78,63,-0.02163568325),
TensorEntry(3,78,95,-0.04708852246),
TensorEntry(3,78,97,0.2105862796),
TensorEntry(3,79,62,0.2216997743),
TensorEntry(3,79,96,-0.03329661489),
TensorEntry(3,79,98,0.2241862118),
TensorEntry(3,80,63,0.2370070368),
TensorEntry(3,80,97,-0.01922380924),
TensorEntry(3,80,99,0.2377853841),
TensorEntry(3,81,64,0.2377853841),
TensorEntry(3,82,65,0.2241862118),
TensorEntry(3,83,64,-0.01922380924),
TensorEntry(3,83,66,0.2105862796),
TensorEntry(3,84,65,-0.03329661489),
TensorEntry(3,84,67,0.1969854236),
TensorEntry(3,85,66,-0.04708852246),
TensorEntry(3,85,68,0.1833834499),
TensorEntry(3,86,67,-0.06079101935),
TensorEntry(3,86,69,0.1697800756),
TensorEntry(3,87,68,-0.07445348799),
TensorEntry(3,87,70,0.1561749578),
TensorEntry(3,88,69,-0.08809456229),
TensorEntry(3,88,71,0.142567575),
TensorEntry(3,89,70,-0.1017228365),
TensorEntry(3,90,73,-0.1631194204),
TensorEntry(3,91,72,0.1823730618),
TensorEntry(3,91,74,-0.1017228365),
TensorEntry(3,92,73,0.142567575),
TensorEntry(3,92,75,-0.08809456229),
TensorEntry(3,93,74,0.1561749578),
TensorEntry(3,93,76,-0.07445348799),
TensorEntry(3,94,75,0.1697800756),
TensorEntry(3,94,77,-0.06079101935),
TensorEntry(3,95,76,0.1833834499),
TensorEntry(3,95,78,-0.04708852246),
TensorEntry(3,96,77,0.1969854236),
TensorEntry(3,96,79,-0.03329661489),
TensorEntry(3,97,78,0.2105862796),
TensorEntry(3,97,80,-0.01922380924),
TensorEntry(3,98,79,0.2241862118),
TensorEntry(3,99,80,0.2377853841),
TensorEntry(4,0,4,0.2820948064),
TensorEntry(4,1,3,0.218509689),
TensorEntry(4,1,13,-0.05839917064),
TensorEntry(4,1,15,-0.2261790186),
TensorEntry(4,2,10,0.1846743971),
TensorEntry(4,3,1,0.218509689),
TensorEntry(4,3,9,0.2261790186),
TensorEntry(4,3,11,-0.05839917064),
TensorEntry(4,4,0,0.2820948064),
TensorEntry(4,4,6,-0.1802237481),
TensorEntry(4,4,20,0.0402992554),
TensorEntry(4,4,24,-0.238413617),
TensorEntry(4,5,7,0.1560783535),
TensorEntry(4,5,21,-0.06371872127),
TensorEntry(4,5,23,-0.1685838848),
TensorEntry(4,6,4,-0.1802237481),
TensorEntry(4,6,18,0.1560783535),
TensorEntry(4,7,5,0.1560783535),
TensorEntry(4,7,17,0.1685838848),
TensorEntry(4,7,19,-0.06371872127),
TensorEntry(4,8,16,0.238413617),
TensorEntry(4,9,3,0.2261790186),
TensorEntry(4,9,13,-0.09403159469),
TensorEntry(4,9,31,0.01694331691),
TensorEntry(4,9,35,-0.245532006),
TensorEntry(4,10,2,0.1846743971),
TensorEntry(4,10,12,-0.1880631894),
TensorEntry(4,10,30,0.05357947573),
TensorEntry(4,10,34,-0.1901882738),
TensorEntry(4,11,3,-0.05839917064),
TensorEntry(4,11,13,0.145673126),
TensorEntry(4,11,15,0.09403159469),
TensorEntry(4,11,31,-0.06562118977),
TensorEntry(4,11,33,-0.1417579651),
TensorEntry(4,12,10,-0.1880631894),
TensorEntry(4,12,28,0.1417579651),
TensorEntry(4,13,1,-0.05839917064),
TensorEntry(4,13,9,-0.09403159469),
TensorEntry(4,13,11,0.145673126),
TensorEntry(4,13,27,0.1417579651),
TensorEntry(4,13,29,-0.06562118977),
TensorEntry(4,14,26,0.1901882738),
TensorEntry(4,15,1,-0.2261790186),
TensorEntry(4,15,11,0.09403159469),
TensorEntry(4,15,25,0.245532006),
TensorEntry(4,15,29,-0.01694331691),
TensorEntry(4,16,8,0.238413617),
TensorEntry(4,16,22,-0.07508081943),
TensorEntry(4,16,44,0.0112460684),
TensorEntry(4,16,48,-0.2502092123),
TensorEntry(4,17,7,0.1685838848),
TensorEntry(4,17,21,-0.1126212254),
TensorEntry(4,17,43,0.02514697239),
TensorEntry(4,17,47,-0.2042949796),
TensorEntry(4,18,6,0.1560783535),
TensorEntry(4,18,20,-0.1903646141),
TensorEntry(4,18,24,0.07508081943),
TensorEntry(4,18,42,0.0615972504),
TensorEntry(4,18,46,-0.1629710048),
TensorEntry(4,19,7,-0.06371872127),
TensorEntry(4,19,21,0.1418894082),
TensorEntry(4,19,23,0.1126212254),
TensorEntry(4,19,43,-0.0665326342),
TensorEntry(4,19,45,-0.1262367964),
TensorEntry(4,20,4,0.0402992554),
TensorEntry(4,20,18,-0.1903646141),
TensorEntry(4,20,40,0.1330652684),
TensorEntry(4,21,5,-0.06371872127),
TensorEntry(4,21,17,-0.1126212254),
TensorEntry(4,21,19,0.1418894082),
TensorEntry(4,21,39,0.1262367964),
TensorEntry(4,21,41,-0.0665326342),
TensorEntry(4,22,16,-0.07508081943),
TensorEntry(4,22,38,0.1629710048),
TensorEntry(4,23,5,-0.1685838848),
TensorEntry(4,23,19,0.1126212254),
TensorEntry(4,23,37,0.2042949796),
TensorEntry(4,23,41,-0.02514697239),
TensorEntry(4,24,4,-0.238413617),
TensorEntry(4,24,18,0.07508081943),
TensorEntry(4,24,36,0.2502092123),
TensorEntry(4,24,40,-0.0112460684),
TensorEntry(4,25,15,0.245532006),
TensorEntry(4,25,33,-0.06264134496),
TensorEntry(4,25,59,0.008013107814),
TensorEntry(4,25,63,-0.2535234094),
TensorEntry(4,26,14,0.1901882738),
TensorEntry(4,26,32,-0.09704355896),
TensorEntry(4,26,58,0.01791785471),
TensorEntry(4,26,62,-0.2142663747),
TensorEntry(4,27,13,0.1417579651),
TensorEntry(4,27,31,-0.1210345849),
TensorEntry(4,27,35,0.06264134496),
TensorEntry(4,27,57,0.03103463352),
TensorEntry(4,27,61,-0.1782803982),
TensorEntry(4,28,12,0.1417579651),
TensorEntry(4,28,30,-0.191372484),
TensorEntry(4,28,34,0.09704355896),
TensorEntry(4,28,56,0.06704246998),
TensorEntry(4,28,60,-0.145565331),
TensorEntry(4,29,13,-0.06562118977),
TensorEntry(4,29,15,-0.01694331691),
TensorEntry(4,29,31,0.1400703043),
TensorEntry(4,29,33,0.1210345849),
TensorEntry(4,29,57,-0.06704246998),
TensorEntry(4,29,59,-0.1161209717),
TensorEntry(4,30,10,0.05357947573),
TensorEntry(4,30,28,-0.191372484),
TensorEntry(4,30,54,0.12720415),
TensorEntry(4,31,9,0.01694331691),
TensorEntry(4,31,11,-0.06562118977),
TensorEntry(4,31,27,-0.1210345849),
TensorEntry(4,31,29,0.1400703043),
TensorEntry(4,31,53,0.1161209717),
TensorEntry(4,31,55,-0.06704246998),
TensorEntry(4,32,26,-0.09704355896),
TensorEntry(4,32,52,0.145565331),
TensorEntry(4,33,11,-0.1417579651),
TensorEntry(4,33,25,-0.06264134496),
TensorEntry(4,33,29,0.1210345849),
TensorEntry(4,33,51,0.1782803982),
TensorEntry(4,33,55,-0.03103463352),
TensorEntry(4,34,10,-0.1901882738),
TensorEntry(4,34,28,0.09704355896),
TensorEntry(4,34,50,0.2142663747),
TensorEntry(4,34,54,-0.01791785471),
TensorEntry(4,35,9,-0.245532006),
TensorEntry(4,35,27,0.06264134496),
TensorEntry(4,35,49,0.2535234094),
TensorEntry(4,35,53,-0.008013107814),
TensorEntry(4,36,24,0.2502092123),
TensorEntry(4,36,46,-0.053793367),
TensorEntry(4,36,76,0.006000658963),
TensorEntry(4,36,80,-0.2559968531),
TensorEntry(4,37,23,0.2042949796),
TensorEntry(4,37,45,-0.08505477756),
TensorEntry(4,37,75,0.01341788098),
TensorEntry(4,37,79,-0.2216997743),
TensorEntry(4,38,22,0.1629710048),
TensorEntry(4,38,44,-0.1088024378),
TensorEntry(4,38,48,0.053793367),
TensorEntry(4,38,74,0.02324045077),
TensorEntry(4,38,78,-0.189852342),
TensorEntry(4,39,21,0.1262367964),
TensorEntry(4,39,43,-0.1256342381),
TensorEntry(4,39,47,0.08505477756),
TensorEntry(4,39,73,0.03550037742),
TensorEntry(4,39,77,-0.1604545116),
TensorEntry(4,40,20,0.1330652684),
TensorEntry(4,40,24,-0.0112460684),
TensorEntry(4,40,42,-0.1919094622),
TensorEntry(4,40,46,0.1088024378),
TensorEntry(4,40,72,0.07100075483),
TensorEntry(4,40,76,-0.1335062236),
TensorEntry(4,41,21,-0.0665326342),
TensorEntry(4,41,23,-0.02514697239),
TensorEntry(4,41,43,0.1390516162),
TensorEntry(4,41,45,0.1256342381),
TensorEntry(4,41,73,-0.06735722721),
TensorEntry(4,41,75,-0.1090073809),
TensorEntry(4,42,18,0.0615972504),
TensorEntry(4,42,40,-0.1919094622),
TensorEntry(4,42,70,0.1229769066),
TensorEntry(4,43,17,0.02514697239),
TensorEntry(4,43,19,-0.0665326342),
TensorEntry(4,43,39,-0.1256342381),
TensorEntry(4,43,41,0.1390516162),
TensorEntry(4,43,69,0.1090073809),
TensorEntry(4,43,71,-0.06735722721),
TensorEntry(4,44,16,0.0112460684),
TensorEntry(4,44,38,-0.1088024378),
TensorEntry(4,44,68,0.1335062236),
TensorEntry(4,45,19,-0.1262367964),
TensorEntry(4,45,37,-0.08505477756),
TensorEntry(4,45,41,0.1256342381),
TensorEntry(4,45,67,0.1604545116),
TensorEntry(4,45,71,-0.03550037742),
TensorEntry(4,46,18,-0.1629710048),
TensorEntry(4,46,36,-0.053793367),
TensorEntry(4,46,40,0.1088024378),
TensorEntry(4,46,66,0.189852342),
TensorEntry(4,46,70,-0.02324045077),
TensorEntry(4,47,17,-0.2042949796),
TensorEntry(4,47,39,0.08505477756),
TensorEntry(4,47,65,0.2216997743),
TensorEntry(4,47,69,-0.01341788098),
TensorEntry(4,48,16,-0.2502092123),
TensorEntry(4,48,38,0.053793367),
TensorEntry(4,48,64,0.2559968531),
TensorEntry(4,48,68,-0.006000658963),
TensorEntry(4,49,35,0.2535234094),
TensorEntry(4,49,61,-0.04715949297),
TensorEntry(4,49,95,0.004662458319),
TensorEntry(4,49,99,-0.2579144537),
TensorEntry(4,50,34,0.2142663747),
TensorEntry(4,50,60,-0.07562343031),
TensorEntry(4,50,94,0.01042557415),
TensorEntry(4,50,98,-0.2274591774),
TensorEntry(4,51,33,0.1782803982),
TensorEntry(4,51,59,-0.09837755561),
TensorEntry(4,51,63,0.04715949297),
TensorEntry(4,51,93,0.01805762388),
TensorEntry(4,51,97,-0.198907271),
TensorEntry(4,52,32,0.145565331),
TensorEntry(4,52,58,-0.1159390584),
TensorEntry(4,52,62,0.07562343031),
TensorEntry(4,52,92,0.02758347616),
TensorEntry(4,52,96,-0.1722587496),
TensorEntry(4,53,31,0.1161209717),
TensorEntry(4,53,35,-0.008013107814),
TensorEntry(4,53,57,-0.1284400076),
TensorEntry(4,53,61,0.09837755561),
TensorEntry(4,53,91,0.0390089266),
TensorEntry(4,53,95,-0.1475135833),
TensorEntry(4,54,30,0.12720415),
TensorEntry(4,54,34,-0.01791785471),
TensorEntry(4,54,56,-0.1922314018),
TensorEntry(4,54,60,0.1159390584),
TensorEntry(4,54,90,0.07401423156),
TensorEntry(4,54,94,-0.1246717349),
TensorEntry(4,55,31,-0.06704246998),
TensorEntry(4,55,33,-0.03103463352),
TensorEntry(4,55,57,0.1384224296),
TensorEntry(4,55,59,0.1284400076),
TensorEntry(4,55,91,-0.06756544113),
TensorEntry(4,55,93,-0.1037331522),
TensorEntry(4,56,28,0.06704246998),
TensorEntry(4,56,54,-0.1922314018),
TensorEntry(4,56,88,0.1197807267),
TensorEntry(4,57,27,0.03103463352),
TensorEntry(4,57,29,-0.06704246998),
TensorEntry(4,57,53,-0.1284400076),
TensorEntry(4,57,55,0.1384224296),
TensorEntry(4,57,87,0.1037331522),
TensorEntry(4,57,89,-0.06756544113),
TensorEntry(4,58,26,0.01791785471),
TensorEntry(4,58,52,-0.1159390584),
TensorEntry(4,58,86,0.1246717349),
TensorEntry(4,59,25,0.008013107814),
TensorEntry(4,59,29,-0.1161209717),
TensorEntry(4,59,51,-0.09837755561),
TensorEntry(4,59,55,0.1284400076),
TensorEntry(4,59,85,0.1475135833),
TensorEntry(4,59,89,-0.0390089266),
TensorEntry(4,60,28,-0.145565331),
TensorEntry(4,60,50,-0.07562343031),
TensorEntry(4,60,54,0.1159390584),
TensorEntry(4,60,84,0.1722587496),
TensorEntry(4,60,88,-0.02758347616),
TensorEntry(4,61,27,-0.1782803982),
TensorEntry(4,61,49,-0.04715949297),
TensorEntry(4,61,53,0.09837755561),
TensorEntry(4,61,83,0.198907271),
TensorEntry(4,61,87,-0.01805762388),
TensorEntry(4,62,26,-0.2142663747),
TensorEntry(4,62,52,0.07562343031),
TensorEntry(4,62,82,0.2274591774),
TensorEntry(4,62,86,-0.01042557415),
TensorEntry(4,63,25,-0.2535234094),
TensorEntry(4,63,51,0.04715949297),
TensorEntry(4,63,81,0.2579144537),
TensorEntry(4,63,85,-0.004662458319),
TensorEntry(4,64,48,0.2559968531),
TensorEntry(4,64,78,-0.04199392349),
TensorEntry(4,65,47,0.2216997743),
TensorEntry(4,65,77,-0.0680379346),
TensorEntry(4,66,46,0.189852342),
TensorEntry(4,66,76,-0.08957610279),
TensorEntry(4,66,80,0.04199392349),
TensorEntry(4,67,45,0.1604545116),
TensorEntry(4,67,75,-0.1070639193),
TensorEntry(4,67,79,0.0680379346),
TensorEntry(4,68,44,0.1335062236),
TensorEntry(4,68,48,-0.006000658963),
TensorEntry(4,68,74,-0.1206183657),
TensorEntry(4,68,78,0.08957610279),
TensorEntry(4,69,43,0.1090073809),
TensorEntry(4,69,47,-0.01341788098),
TensorEntry(4,69,73,-0.1302827299),
TensorEntry(4,69,77,0.1070639193),
TensorEntry(4,70,42,0.1229769066),
TensorEntry(4,70,46,-0.02324045077),
TensorEntry(4,70,72,-0.192440331),
